Cz 	 -6.45 	 -5.31 	 98.67  
NFpz 	 0.17 	 88.53 	 -28.09  
Fpz 	 -2.24 	 88.44 	 -10.18  
AFpz 	 -1.04 	 87.45 	 9.78  
AFz 	 -2.97 	 83.46 	 28.38  
AFFz 	 -3.26 	 74.46 	 47.12  
Fz 	 -4.54 	 62.34 	 63.26  
FFCz 	 -4.57 	 48.84 	 74.61  
FCz 	 -6.49 	 31.78 	 84.65  
FCCz 	 -5.44 	 12.31 	 93.52  
CCPz 	 -5.91 	 -24.78 	 102.50  
CPz 	 -5.08 	 -43.71 	 101.73  
CPPz 	 -4.12 	 -60.78 	 96.66  
Pz 	 -5.39 	 -78.83 	 85.58  
PPOz 	 -4.50 	 -92.39 	 72.18  
POz 	 -3.49 	 -103.02 	 54.47  
POOz 	 -2.62 	 -110.67 	 38.81  
Oz 	 -2.32 	 -117.55 	 18.78  
OIz 	 -0.81 	 -119.45 	 1.60  
T9h 	 -83.55 	 -17.85 	 -37.32  
T7 	 -83.48 	 -16.02 	 -19.03  
T7h 	 -83.49 	 -12.99 	 0.91  
C5 	 -82.85 	 -11.38 	 22.01  
C5h 	 -78.66 	 -10.75 	 42.70  
C3 	 -70.98 	 -9.58 	 58.44  
C3h 	 -56.41 	 -7.14 	 75.26  
C1 	 -42.43 	 -5.97 	 86.16  
C1h 	 -22.40 	 -6.14 	 95.53  
C2h 	 14.71 	 -5.97 	 97.46  
C2 	 34.81 	 -5.43 	 89.99  
C4h 	 50.83 	 -4.92 	 79.54  
C4 	 66.65 	 -7.41 	 64.63  
C6h 	 76.53 	 -8.41 	 49.25  
C6 	 82.51 	 -11.11 	 28.88  
T8h 	 84.48 	 -10.79 	 9.66  
T8 	 84.54 	 -14.59 	 -10.93  
T10h 	 83.52 	 -15.58 	 -29.71  
Fp1h 	 -16.21 	 87.47 	 -12.89  
Fp1 	 -29.19 	 84.38 	 -17.08  
AFp7 	 -43.46 	 76.46 	 -20.14  
AF7 	 -54.45 	 68.24 	 -22.41  
AFF7 	 -63.29 	 54.37 	 -23.87  
F7 	 -69.44 	 42.47 	 -22.96  
FFT7 	 -75.57 	 26.58 	 -23.76  
FT7 	 -78.50 	 13.62 	 -22.64  
FTT7 	 -81.49 	 -2.57 	 -19.76  
TTP7 	 -83.47 	 -30.77 	 -16.98  
TP7 	 -83.22 	 -46.31 	 -14.19  
TPP7 	 -78.50 	 -62.04 	 -11.95  
P7 	 -73.45 	 -74.63 	 -9.03  
PPO7 	 -66.76 	 -86.65 	 -5.42  
PO7 	 -56.43 	 -99.11 	 1.29  
POO7 	 -45.13 	 -107.56 	 5.16  
O1 	 -32.96 	 -114.53 	 10.04  
O1h 	 -21.08 	 -117.45 	 14.20  
Fp2h 	 12.21 	 88.45 	 -13.45  
Fp2 	 26.51 	 85.45 	 -15.43  
AFp8 	 41.53 	 77.51 	 -16.06  
AF8 	 52.75 	 68.73 	 -18.69  
AFF8 	 62.34 	 56.33 	 -16.68  
F8 	 69.53 	 42.00 	 -16.67  
FFT8 	 75.20 	 28.37 	 -16.27  
FT8 	 78.53 	 13.97 	 -13.56  
FTT8 	 82.26 	 -1.14 	 -12.32  
TTP8 	 85.46 	 -31.11 	 -7.88  
TP8 	 82.55 	 -46.89 	 -6.09  
TPP8 	 78.24 	 -61.35 	 -3.33  
P8 	 72.35 	 -75.27 	 -0.28  
PPO8 	 65.30 	 -87.30 	 1.27  
PO8 	 55.43 	 -98.15 	 6.04  
POO8 	 43.39 	 -107.47 	 9.39  
O2 	 29.87 	 -113.52 	 12.05  
O2h 	 15.45 	 -117.54 	 16.42  
F7h 	 -67.47 	 45.65 	 -8.30  
F5 	 -65.51 	 48.09 	 4.18  
F5h 	 -60.05 	 51.46 	 19.22  
F3 	 -52.46 	 56.13 	 30.96  
F3h 	 -43.70 	 57.46 	 43.40  
F1 	 -32.61 	 58.70 	 54.01  
F1h 	 -19.47 	 61.44 	 59.47  
F2h 	 10.21 	 62.68 	 61.74  
F2 	 23.34 	 61.45 	 58.12  
F4h 	 37.05 	 58.70 	 51.57  
F4 	 47.31 	 57.41 	 41.50  
F6h 	 56.22 	 53.73 	 29.54  
F6 	 63.55 	 49.54 	 15.59  
F8h 	 67.48 	 46.09 	 1.80  
P7h 	 -72.58 	 -75.82 	 5.39  
P5 	 -72.41 	 -76.23 	 23.99  
P5h 	 -67.89 	 -76.60 	 40.63  
P3 	 -61.51 	 -76.92 	 54.23  
P3h 	 -50.69 	 -78.62 	 66.30  
P1 	 -37.22 	 -78.36 	 78.01  
P1h 	 -24.40 	 -79.10 	 82.51  
P2h 	 10.76 	 -79.51 	 84.93  
P2 	 25.21 	 -78.56 	 81.99  
P4h 	 40.50 	 -77.30 	 74.61  
P4 	 51.80 	 -77.38 	 64.39  
P6h 	 61.41 	 -78.06 	 50.02  
P6 	 68.38 	 -76.15 	 34.14  
P8h 	 70.50 	 -76.59 	 18.58  
AF7h 	 -49.55 	 70.92 	 -13.31  
AF5 	 -44.96 	 73.57 	 -5.65  
AF5h 	 -40.01 	 76.00 	 1.51  
AF3 	 -36.02 	 77.46 	 11.36  
AF3h 	 -30.72 	 79.81 	 16.49  
AF1 	 -21.95 	 82.31 	 22.23  
AF1h 	 -12.15 	 83.52 	 25.62  
AF2h 	 6.14 	 83.52 	 26.83  
AF2 	 15.73 	 82.64 	 26.43  
AF4h 	 23.47 	 81.49 	 23.59  
AF4 	 32.34 	 79.46 	 17.75  
AF6h 	 37.48 	 78.03 	 9.29  
AF6 	 41.32 	 76.18 	 1.48  
AF8h 	 46.41 	 73.08 	 -5.84  
PO7h 	 -54.83 	 -99.60 	 12.38  
PO5 	 -52.49 	 -101.03 	 20.30  
PO5h 	 -46.42 	 -102.14 	 31.30  
PO3 	 -41.30 	 -102.33 	 39.74  
PO3h 	 -34.11 	 -102.53 	 44.87  
PO1 	 -24.69 	 -102.70 	 50.16  
PO1h 	 -15.31 	 -103.51 	 51.89  
PO2h 	 5.10 	 -102.39 	 56.14  
PO2 	 16.44 	 -102.44 	 54.18  
PO4h 	 25.36 	 -102.27 	 50.23  
PO4 	 34.74 	 -101.46 	 44.92  
PO6h 	 42.71 	 -101.27 	 36.45  
PO6 	 48.65 	 -99.71 	 29.15  
PO8h 	 51.23 	 -99.31 	 19.58  
FT7h 	 -77.47 	 16.68 	 -4.43  
FC5 	 -76.52 	 19.60 	 12.29  
FC5h 	 -72.80 	 22.53 	 29.25  
FC3 	 -64.50 	 24.55 	 46.24  
FC3h 	 -52.66 	 27.59 	 61.28  
FC1 	 -39.55 	 29.26 	 72.79  
FC1h 	 -23.95 	 30.95 	 80.54  
FC2h 	 13.05 	 31.36 	 84.52  
FC2 	 29.42 	 31.12 	 78.41  
FC4h 	 46.03 	 28.99 	 68.51  
FC4 	 59.31 	 25.57 	 56.44  
FC6h 	 69.50 	 23.45 	 40.08  
FC6 	 75.74 	 20.61 	 24.03  
FT8h 	 77.92 	 18.49 	 6.01  
TP7h 	 -82.49 	 -46.20 	 4.65  
CP5 	 -82.53 	 -44.56 	 24.15  
CP5h 	 -79.53 	 -44.80 	 43.82  
CP3 	 -71.44 	 -44.56 	 62.22  
CP3h 	 -58.84 	 -42.63 	 77.58  
CP1 	 -43.40 	 -43.76 	 89.51  
CP1h 	 -25.35 	 -44.06 	 97.53  
CP2h 	 14.08 	 -44.40 	 100.54  
CP2 	 31.29 	 -44.77 	 95.49  
CP4h 	 48.65 	 -44.73 	 85.77  
CP4 	 62.92 	 -45.65 	 71.94  
CP6h 	 74.50 	 -45.56 	 54.44  
CP6 	 80.45 	 -47.08 	 36.84  
TP8h 	 82.49 	 -46.02 	 18.39  
FTT7h 	 -80.46 	 0.26 	 -2.53  
FCC5 	 -80.55 	 3.00 	 17.14  
FCC5h 	 -76.48 	 4.86 	 36.63  
FCC3 	 -68.46 	 6.51 	 53.30  
FCC3h 	 -55.87 	 8.05 	 68.67  
FCC1 	 -41.97 	 10.94 	 80.49  
FCC1h 	 -25.13 	 12.19 	 88.51  
FCC2h 	 11.88 	 11.55 	 92.56  
FCC2 	 30.51 	 10.24 	 86.91  
FCC4h 	 48.06 	 9.10 	 76.47  
FCC4 	 60.84 	 7.29 	 64.65  
FCC6h 	 72.55 	 5.87 	 48.60  
FCC6 	 79.46 	 3.97 	 29.63  
FTT8h 	 82.49 	 1.08 	 11.35  
TTP7h 	 -84.46 	 -30.59 	 2.18  
CCP5 	 -83.52 	 -27.92 	 22.70  
CCP5h 	 -80.52 	 -27.98 	 44.01  
CCP3 	 -71.93 	 -26.76 	 62.55  
CCP3h 	 -60.03 	 -26.27 	 77.46  
CCP1 	 -44.21 	 -26.86 	 89.46  
CCP1h 	 -26.99 	 -25.19 	 97.45  
CCP2h 	 15.52 	 -24.79 	 100.85  
CCP2 	 33.11 	 -24.49 	 95.44  
CCP4h 	 51.58 	 -26.43 	 84.84  
CCP4 	 65.75 	 -25.91 	 70.64  
CCP6h 	 77.40 	 -26.07 	 55.13  
CCP6 	 83.57 	 -28.61 	 35.05  
TTP8h 	 85.44 	 -29.49 	 14.11  
FFT7h 	 -73.87 	 29.58 	 -8.85  
FFC5 	 -72.37 	 34.28 	 8.55  
FFC5h 	 -67.12 	 37.37 	 25.07  
FFC3 	 -59.15 	 41.41 	 38.71  
FFC3h 	 -49.55 	 43.71 	 52.31  
FFC1 	 -37.07 	 46.11 	 62.50  
FFC1h 	 -19.58 	 48.25 	 71.45  
FFC2h 	 11.30 	 48.14 	 74.46  
FFC2 	 30.08 	 47.43 	 68.04  
FFC4h 	 43.23 	 46.14 	 58.24  
FFC4 	 54.49 	 43.03 	 48.02  
FFC6h 	 64.26 	 39.34 	 34.28  
FFC6 	 70.50 	 36.86 	 17.54  
FFT8h 	 73.57 	 31.80 	 1.86  
TPP7h 	 -78.31 	 -62.25 	 5.27  
CPP5 	 -78.18 	 -62.43 	 25.09  
CPP5h 	 -75.50 	 -61.15 	 41.53  
CPP3 	 -68.51 	 -60.09 	 58.91  
CPP3h 	 -56.43 	 -60.16 	 74.95  
CPP1 	 -42.47 	 -60.84 	 85.56  
CPP1h 	 -26.14 	 -62.09 	 92.46  
CPP2h 	 10.74 	 -60.32 	 97.33  
CPP2 	 29.54 	 -60.33 	 91.81  
CPP4h 	 44.32 	 -61.03 	 83.52  
CPP4 	 58.86 	 -60.83 	 70.60  
CPP6h 	 68.21 	 -60.77 	 56.47  
CPP6 	 74.54 	 -61.91 	 37.97  
TPP8h 	 77.18 	 -62.38 	 20.70  
AFF7h 	 -61.29 	 57.40 	 -13.02  
AFF5 	 -57.32 	 61.27 	 -0.29  
AFF5h 	 -53.10 	 63.48 	 10.42  
AFF3 	 -47.22 	 66.40 	 22.43  
AFF3h 	 -39.51 	 70.16 	 28.92  
AFF1 	 -29.46 	 72.51 	 37.04  
AFF1h 	 -17.62 	 73.64 	 43.39  
AFF2h 	 5.55 	 74.21 	 47.74  
AFF2 	 17.48 	 73.56 	 44.63  
AFF4h 	 30.73 	 72.17 	 38.66  
AFF4 	 38.37 	 70.77 	 32.34  
AFF6h 	 47.11 	 67.67 	 21.62  
AFF6 	 52.60 	 64.83 	 12.38  
AFF8h 	 56.96 	 61.60 	 0.35  
PPO7h 	 -66.49 	 -87.05 	 8.18  
PPO5 	 -64.04 	 -88.50 	 22.73  
PPO5h 	 -59.46 	 -90.14 	 34.39  
PPO3 	 -54.35 	 -90.08 	 46.21  
PPO3h 	 -44.58 	 -90.90 	 58.02  
PPO1 	 -33.63 	 -91.31 	 65.36  
PPO1h 	 -20.41 	 -92.92 	 69.23  
PPO2h 	 7.12 	 -92.52 	 72.03  
PPO2 	 18.49 	 -92.32 	 69.64  
PPO4h 	 32.63 	 -91.67 	 63.76  
PPO4 	 43.37 	 -92.16 	 54.93  
PPO6h 	 51.18 	 -91.41 	 44.28  
PPO6 	 57.16 	 -90.38 	 31.35  
PPO8h 	 61.41 	 -89.06 	 20.23  
AFp5 	 -35.77 	 79.59 	 -9.24  
AFp3 	 -27.20 	 83.31 	 -1.94  
AFp1 	 -15.63 	 86.53 	 5.79  
AFp2 	 11.04 	 87.48 	 8.87  
AFp4 	 21.68 	 85.49 	 4.75  
AFp6 	 30.29 	 82.54 	 -6.05  
POO5 	 -39.66 	 -108.82 	 19.22  
POO3 	 -30.03 	 -110.47 	 29.71  
POO1 	 -18.26 	 -110.61 	 36.61  
POO2 	 10.51 	 -110.39 	 40.09  
POO4 	 24.05 	 -108.73 	 35.58  
POO6 	 33.54 	 -109.70 	 23.51  
NFp1h 	 -13.67 	 85.09 	 -31.79  
NFp1 	 -28.15 	 79.52 	 -34.61  
AFp9h 	 -41.41 	 74.19 	 -37.85  
AF9h 	 -52.28 	 65.71 	 -40.51  
AFF9h 	 -62.79 	 51.50 	 -41.25  
F9h 	 -70.40 	 41.15 	 -41.96  
FFT9h 	 -76.50 	 25.94 	 -42.37  
FT9h 	 -79.53 	 12.00 	 -41.44  
FTT9h 	 -80.51 	 -3.49 	 -39.72  
TTP9h 	 -85.51 	 -33.49 	 -36.16  
TP9h 	 -82.19 	 -47.50 	 -33.13  
TPP9h 	 -77.52 	 -61.64 	 -29.01  
P9h 	 -71.48 	 -75.80 	 -26.18  
PPO9h 	 -64.67 	 -86.71 	 -23.19  
PO9h 	 -54.68 	 -98.65 	 -17.50  
POO9h 	 -44.10 	 -108.45 	 -12.75  
OI1 	 -30.41 	 -115.18 	 -8.40  
OI1h 	 -18.91 	 -118.52 	 -3.40  
NFp2h 	 13.70 	 84.67 	 -32.18  
NFp2 	 26.30 	 80.51 	 -32.88  
AFp10h 	 41.54 	 75.52 	 -35.20  
AF10h 	 54.57 	 66.72 	 -35.09  
AFF10h 	 62.80 	 54.04 	 -34.61  
F10h 	 70.50 	 40.77 	 -35.20  
FFT10h 	 76.24 	 27.37 	 -34.35  
FT10h 	 79.50 	 13.78 	 -32.88  
FTT10h 	 81.46 	 -2.83 	 -31.42  
TTP10h 	 86.41 	 -30.43 	 -27.14  
TP10h 	 82.56 	 -45.96 	 -25.35  
TPP10h 	 78.54 	 -58.78 	 -22.69  
P10h 	 73.54 	 -71.84 	 -19.62  
PPO10h 	 66.59 	 -83.86 	 -16.68  
PO10h 	 55.41 	 -97.08 	 -12.68  
POO10h 	 44.90 	 -106.57 	 -8.89  
OI2 	 31.63 	 -113.47 	 -6.46  
OI2h 	 19.84 	 -117.45 	 -1.44  
